704 1574
705 1632
1220 1108
2018 606
2743 808
3601 819
4406 44
4606 1318
5640 1096
8205 552
12202 2576
12202 3673
12203 2593
12203 3690
12204 2605
12204 3702
12205 2623
12205 3720
12206 2636
12206 3733
12207 2652
12207 3749
12208 2667
12208 3764
12209 2680
12209 3777
12210 2693
12210 3790
12211 2708
12211 3805
12212 2730
12212 3827
12214 2745
12214 3842
12220 2762
12220 3859
12222 2778
12222 3875
12223 2788
12223 3885
12224 2800
12224 3897
12225 2816
12225 3913
12226 2834
12226 3931
12227 2850
12227 3947
12228 2865
12228 3962
12229 2882
12229 3979
12230 2902
12230 3999
12231 2913
12231 4010
12232 2928
12232 4025
12233 2946
12233 4043
12234 2958
12234 4055
12235 2974
12235 4071
12236 2994
12236 4091
12237 3011
12237 4108
12238 3026
12238 4123
12240 3044
12240 4141
12241 3060
12241 4157
12242 3082
12242 4179
12243 3101
12243 4198
12244 3115
12244 4212
12246 3132
12246 4229
12247 3147
12247 4244
12248 3159
12248 4256
12249 3177
12249 4274
12250 3192
12250 4289
12252 3209
12252 4306
12255 3223
12255 4320
12256 3236
12256 4333
12257 3252
12257 4349
12260 3264
12260 4361
12261 3277
12261 4374
12288 3289
12288 4386
12404 618
13605 1120
13606 1270
14001 1937
14410 1254
14801 1336
15410 997
15411 1352
16910 2556
16910 3653
17301 84
17302 1782
18010 716
20607 577
21001 113
21005 249
21009 465
21520 563
23001 672
23301 592
24210 476
24211 489
24212 508
25231 1382
25606 634
27910 1586
28315 131
29620 0
29801 1663
29802 1677
29803 1696
30101 832
30102 844
30103 1055
30410 1711
31001 16
31701 3308
31701 4405
31702 3327
31702 4424
31703 3346
31703 4443
31704 3361
31704 4458
31705 3372
31705 4469
31706 3387
31706 4484
31707 3404
31707 4501
31708 3417
31708 4514
31721 3433
31721 4530
32615 2503
32615 3600
32616 2521
32616 3618
35007 2488
35007 3585
35440 262
35441 1951
35540 1368
36310 31
37010 1137
37616 1396
39730 146
39735 703
41201 1151
42201 161
42202 1067
42602 3444
42602 4541
43802 1285
44301 1968
44302 1980
44303 1995
44304 2008
44305 2021
44306 2040
44308 2058
44309 2073
44310 2091
44311 2111
44312 2124
44313 2137
44314 2154
44315 2168
44316 2185
44317 2203
44319 2220
44320 2238
44321 2254
44322 2270
44325 2288
44326 2300
44328 2311
44333 2324
44372 2347
44396 2363
44396 3460
44398 2382
44398 3479
45101 176
45810 861
46910 2404
46910 3501
48701 2421
48701 3518
49301 881
49355 902
49356 918
49357 934
49610 744
49705 1413
50002 1012
50601 731
50830 1427
51001 2435
51001 3532
52201 1746
53501 1441
53910 1165
54405 57
55001 1455
55909 1179
56431 1820
56433 1862
56510 948
57401 188
57402 203
57420 1846
58001 98
58210 1193
58310 1469
59002 784
61410 523
61411 1026
62214 1305
62805 1919
67410 304
67621 1530
68001 290
68301 1207
69210 1767
70421 1875
71316 756
71401 1728
73901 1221
74330 1038
74720 658
74820 965
74821 983
74824 1546
76621 70
77326 646
79311 275
79601 322
79602 336
79603 353
79604 367
79605 385
79606 399
79608 412
79697 424
79698 436
79699 452
79713 688
80101 1482
80720 2453
80720 3550
81020 1561
83210 217
83520 1598
85321 1833
87510 538
89001 2539
89001 3636
91301 1511
93510 796
93601 1616
96701 1647
97406 1497
97810 1235
98220 772
98520 236
99001 1801
99546 1082
99551 1889
99552 1904
99553 2469
99553 3566
